3674.74
3050.45
3289.63
2998.61
3112.68
3012.95
2844.17
3233.32
2837.26
2949.67
2909.63
2773.21
3338.75
3117.11
2636.03
3011.68
3344.77
3102.52
2885.18
3083.72
2818.83
2931.84
2733.67
3268.38
2707.86
3536.18
2834.73
2741.1
3153.45
2512.53
2884.55
2995.35
3152.32
2881.76
3054.71
2654.17
3234.89
3192.72
3173.12
2725.68
3057.76
3868.2
2967.39
2947.95
2972.94
2961.31
3124.83
2825.31
2942.17
3144.22
2869.75
3098.56
3034.59
2900.19
3089.53
2875.64
2855.99
3563.43
3717.73
2718.98
3171.4
2883.34
2966.38
3079.55
2972.94
3209.11
3612.65
3427.56
2916.48
2951.57
3071.06
2821.53
3084.86
3057.95
2677.31
2816.83
3029.8
2991.8
2654.79
2718.38
2684.35
2947.68
2832.48
2666.89
2808.77
2808.79
2923.75
2926.11
2491.47
2787.71
3091.88
2973.33
2981.91
2763.47
2792.12
2765.36
2864.49
2641.81
3535.47
2855.51
3574.99
