23329.39
9608.03
9359.94
9422.5
9095.46
9246.09
8958.11
8880.29
8345.7
23825.56
9547.05
9223.64
8544.31
8952.92
9460.58
9806.06
12083.52
8861.95
9409.3
8623.79
9857.44
9246.66
9622.93
8942.47
9253
9153.95
8965.9
9190.96
9946.42
8275.77
9189.95
9554.47
8971.01
21209.76
9273.57
8882.55
9406.15
9308.22
17359.25
10099.79
9300.23
9007.56
9587.26
8939.49
9076.41
9399.4
8948.54
9730.23
9363.81
9114.62
9564.5
9368.79
8723.49
9204.29
8680.72
10398.93
8949.61
8478.12
9109.17
9215.73
8886.52
9335.19
8638.56
10940.42
8930.72
9674.53
9611.04
10539.46
9191.98
8721.82
9623.36
9335.36
8746.12
8947.48
9790.99
8868.68
9006.74
8621.57
9354.9
9359.28
9297.76
21428.21
8932.47
9143.52
8673.15
8990.47
9051.15
21430.37
9512.41
9473.98
9871.93
9641.2
9226.33
9375.19
8666.78
8629.12
9094.82
9274.56
8847.92
8701.86
