1089.77
1004.91
954.2
1104.16
881.14
898.87
961.41
1098.35
1018
900.9
884.23
959.36
915.24
912.34
1006.25
923.63
913.87
971.11
870.54
993.65
1041.96
928.23
1238.43
945.74
883.44
1002.35
895.67
959.81
981.55
1008.5
967.46
1014.55
1364.43
907.46
1013.24
898.18
947.22
908.49
872.28
928.35
875.64
972.86
927.59
1003.85
881.5
1087.69
947.76
961.05
862.84
908.83
855.53
1059.28
973.07
1014.53
958.34
967.86
959.7
1024.07
914.21
905.89
1105.23
905.84
889.54
935.21
811.42
1000.77
883.01
854.68
962.44
975.71
881.08
907.97
1022.51
1024.85
962.97
1090.96
858.03
867.44
912.84
851.95
914.87
1022.56
913.2
827.39
829.95
908.7
1334.46
867.09
850.45
911.85
949.13
912.37
1093.28
951.37
857.45
864.65
1012.87
976.81
1028.38
913
868.79
