7171.4
7482.32
7565.89
7601.35
7662.9
7689.41
7756.58
7790.37
7804.37
7819.78
7853.51
7892.13
7904.49
7914.33
7925.86
7932.37
7964.44
7997.93
8024.38
8054.64
8056.88
8070.61
8094.18
8097.82
8100.32
8107.08
8107.87
8118.03
8122.45
8152.46
8158.52
8177.17
8191.21
8192.27
8208.79
8211.45
8235.52
8250.22
8265.29
8270.71
8271.12
8274.79
8285.58
8315.45
8318.38
8318.8
8318.82
8326.49
8333.27
8333.47
8335.56
8341.33
8342.68
8347.32
8350.99
8362.76
8378.21
8390.18
8394.67
8421.51
8436.59
8459.96
8465.07
8474.91
8478.23
8492.04
8500.71
8514.47
8541.75
8550.05
8560.43
8577.33
8600.58
8600.62
8606.74
8650.71
8653.6
8675.14
8691.76
8693.35
8695.82
8698.25
8709.37
8716.28
8723.82
8725.46
8733.69
8741.8
8746.33
8746.73
8748.86
8758.86
8763.91
8871.83
8884.47
8890.71
9063.22
9065.81
9069.74
9233.68
9330.92
