5261.75
5503.64
5519.83
5519.9
5585.76
5589.84
5599.87
5606.94
5650.9
5652.24
5653.33
5673.57
5676
5684.84
5699.96
5705.74
5707.69
5713.33
5713.84
5715.41
5726.97
5728.7
5768.08
5779.9
5782.03
5788.51
5788.61
5793.1
5797.07
5800.36
5824.06
5844.48
5849.15
5854.64
5855.87
5869.02
5906.37
5906.89
5922.03
5927.12
5943.38
5955.44
5956.99
5958.19
5961.21
5966.24
5971.7
5977.9
5994.62
6001.16
6008.79
6011.87
6020.87
6038.21
6048.42
6072.15
6082.45
6083.68
6114.25
6116.23
6174.47
6175.83
6182.26
6191.81
6194.34
6204.73
6240.32
6248.63
6251.04
6253.87
6255.75
6259.95
6274.67
6281.77
6282.22
6303.21
6341.11
6373.49
6381.17
6397.13
6466.62
6499.39
6550.85
6587.3
6602.23
6603.03
6694.56
6755.24
6811.03
6989.71
7013.02
7029.5
7100.17
7168.56
7335.02
7388.65
7597.61
7873.92
7949.5
8711.44
9272.11
